英雄ID	阶级	展示名称	主动技能ID	被动技能1ID	被动技能2ID	被动技能3ID	被动技能4ID	被动技能5ID	被动技能6ID	被动技能7ID	被动技能8ID	被动技能9ID	空行
1	1	虎贲校尉	100048										
1	2	真•虎贲校尉	100048	1000071									
1	3	鬼•虎贲校尉	101048	1000071									
1	4	神•虎贲校尉	101048	1000071	1000078								
1	5	圣•虎贲校尉	102048	1000071	1000078								
1	6	王•虎贲校尉	102048	1000071	1000078	1000053							
1	7	皇•虎贲校尉	103048	1000071	1000078	1000053							
2	1	都尉	100046										
2	2	真•都尉	100046	1000071									
2	3	鬼•都尉	101046	1000071									
2	4	神•都尉	101046	1000071	1000078								
2	5	圣•都尉	102046	1000071	1000078								
2	6	王•都尉	102046	1000071	1000078	1000053							
2	7	皇•都尉	103046	1000071	1000078	1000053							
3	1	禁卫	100056										
3	2	真•禁卫	100056	1000071									
3	3	鬼•禁卫	101056	1000071									
3	4	神•禁卫	101056	1000071	1000078								
3	5	圣•禁卫	102056	1000071	1000078								
3	6	王•禁卫	102056	1000071	1000078	1000053							
3	7	皇•禁卫	103056	1000071	1000078	1000053							
4	1	护卫	100062										
4	2	真•护卫	100062	1000071									
4	3	鬼•护卫	101062	1000071									
4	4	神•护卫	101062	1000071	1000078								
4	5	圣•护卫	102062	1000071	1000078								
4	6	王•护卫	102062	1000071	1000078	1000053							
4	7	皇•护卫	103062	1000071	1000078	1000053							
5	1	兵曹	100062										
5	2	真•兵曹	100062	1000071									
5	3	鬼•兵曹	101062	1000071									
5	4	神•兵曹	101062	1000071	1000078								
5	5	圣•兵曹	102062	1000071	1000078								
5	6	王•兵曹	102062	1000071	1000078	1000053							
5	7	皇•兵曹	103062	1000071	1000078	1000053							
6	1	监军	100062										
6	2	真•监军	100062	1000071									
6	3	鬼•监军	101062	1000071									
6	4	神•监军	101062	1000071	1000078								
6	5	圣•监军	102062	1000071	1000078								
6	6	王•监军	102062	1000071	1000078	1000053							
6	7	皇•监军	103062	1000071	1000078	1000053							
7	1	护军	100062										
7	2	真•护军	100062	1000071									
7	3	鬼•护军	101062	1000071									
7	4	神•护军	101062	1000071	1000078								
7	5	圣•护军	102062	1000071	1000078								
7	6	王•护军	102062	1000071	1000078	1000053							
7	7	皇•护军	103062	1000071	1000078	1000053							
8	1	督军	100046										
8	2	真•督军	100046	1000071									
8	3	鬼•督军	101046	1000071									
8	4	神•督军	101046	1000071	1000078								
8	5	圣•督军	102046	1000071	1000078								
8	6	王•督军	102046	1000071	1000078	1000053							
8	7	皇•督军	103046	1000071	1000078	1000053							
9	1	朱雀使	200072										
9	2	真•朱雀使	200072	1000071									
9	3	鬼•朱雀使	201072	1000071									
9	4	神•朱雀使	201072	1000071	1000079								
9	5	圣•朱雀使	202072	1000071	1000079								
9	6	王•朱雀使	202072	1000071	1000079	1000055							
9	7	皇•朱雀使	203072	1000071	1000079	1000055							
10	1	护军教头	100056										
10	2	真•护军教头	100056	1000071									
10	3	鬼•护军教头	101056	1000071									
10	4	神•护军教头	101056	1000071	1000078								
10	5	圣•护军教头	102056	1000071	1000078								
10	6	王•护军教头	102056	1000071	1000078	1000053							
10	7	皇•护军教头	103056	1000071	1000078	1000053							
11	1	妖姬	200,092,210,092										
11	2	真•妖姬	200,092,210,092	1000071									
11	3	鬼•妖姬	201,092,211,092	1000071									
11	4	神•妖姬	201,092,211,092	1000071	1000079								
11	5	圣•妖姬	202,092,212,092	1000071	1000079								
11	6	王•妖姬	202,092,212,092	1000071	1000079	1000055							
11	7	皇•妖姬	203,092,213,092	1000071	1000079	1000055							
12	1	县丞	200072										
12	2	真•县丞	200072	1000071									
12	3	鬼•县丞	201072	1000071									
12	4	神•县丞	201072	1000071	1000079								
12	5	圣•县丞	202072	1000071	1000079								
12	6	王•县丞	202072	1000071	1000079	1000055							
12	7	皇•县丞	203072	1000071	1000079	1000055							
13	1	军师	200045										
13	2	真•军师	200045	1000071									
13	3	鬼•军师	201045	1000071									
13	4	神•军师	201045	1000071	1000079								
13	5	圣•军师	202045	1000071	1000079								
13	6	王•军师	202045	1000071	1000079	1000055							
13	7	皇•军师	203045	1000071	1000079	1000055							
14	1	典军校尉	100056										
14	2	真•典军校尉	100056	1000071									
14	3	鬼•典军校尉	101056	1000071									
14	4	神•典军校尉	101056	1000071	1000078								
14	5	圣•典军校尉	102056	1000071	1000078								
14	6	王•典军校尉	102056	1000071	1000078	1000053							
14	7	皇•典军校尉	103056	1000071	1000078	1000053							
15	1	射声校尉	100056										
15	2	真•射声校尉	100056	1000071									
15	3	鬼•射声校尉	101056	1000071									
15	4	神•射声校尉	101056	1000071	1000078								
15	5	圣•射声校尉	102056	1000071	1000078								
15	6	王•射声校尉	102056	1000071	1000078	1000053							
15	7	皇•射声校尉	103056	1000071	1000078	1000053							
16	1	龙威骑	100046										
16	2	真•龙威骑	100046	1000071									
16	3	鬼•龙威骑	101046	1000071									
16	4	神•龙威骑	101046	1000071	1000078								
16	5	圣•龙威骑	102046	1000071	1000078								
16	6	王•龙威骑	102046	1000071	1000078	1000053							
16	7	皇•龙威骑	103046	1000071	1000078	1000053							
17	1	铁娘子	100062										
17	2	真•铁娘子	100062	1000071									
17	3	鬼•铁娘子	101062	1000071									
17	4	神•铁娘子	101062	1000071	1000078								
17	5	圣•铁娘子	102062	1000071	1000078								
17	6	王•铁娘子	102062	1000071	1000078	1000053							
17	7	皇•铁娘子	103062	1000071	1000078	1000053							
18	1	剑豪	100051										
18	2	真•剑豪	100051	1000071									
18	3	鬼•剑豪	101051	1000071									
18	4	神•剑豪	101051	1000071	1000078								
18	5	圣•剑豪	102051	1000071	1000078								
18	6	王•剑豪	102051	1000071	1000078	1000053							
18	7	皇•剑豪	103051	1000071	1000078	1000053							
19	1	平儿	100048										
19	2	真•平儿	100048	1000071									
19	3	鬼•平儿	101048	1000071									
19	4	神•平儿	101048	1000071	1000078								
19	5	圣•平儿	102048	1000071	1000078								
19	6	王•平儿	102048	1000071	1000078	1000053							
19	7	皇•平儿	103048	1000071	1000078	1000053							
20	1	罗刹女	200,092,210,092										
20	2	真•罗刹女	200,092,210,092	1000071									
20	3	鬼•罗刹女	201,092,211,092	1000071									
20	4	神•罗刹女	201,092,211,092	1000071	1000079								
20	5	圣•罗刹女	202,092,212,092	1000071	1000079								
20	6	王•罗刹女	202,092,212,092	1000071	1000079	1000055							
20	7	皇•罗刹女	203,092,213,092	1000071	1000079	1000055							
21	1	领军教头	100046										
21	2	真•领军教头	100046	1000071									
21	3	鬼•领军教头	101046	1000071									
21	4	神•领军教头	101046	1000071	1000078								
21	5	圣•领军教头	102046	1000071	1000078								
21	6	王•领军教头	102046	1000071	1000078	1000053							
21	7	皇•领军教头	103046	1000071	1000078	1000053							
22	1	禁军教头	100051										
22	2	真•禁军教头	100051	1000071									
22	3	鬼•禁军教头	101051	1000071									
22	4	神•禁军教头	101051	1000071	1000078								
22	5	圣•禁军教头	102051	1000071	1000078								
22	6	王•禁军教头	102051	1000071	1000078	1000053							
22	7	皇•禁军教头	103051	1000071	1000078	1000053							
23	1	金都尉	100062										
23	2	真•金都尉	100062	1000071									
23	3	鬼•金都尉	101062	1000071									
23	4	神•金都尉	101062	1000071	1000078								
23	5	圣•金都尉	102062	1000071	1000078								
23	6	王•金都尉	102062	1000071	1000078	1000053							
23	7	皇•金都尉	103062	1000071	1000078	1000053							
24	1	中书丞	200059										
24	2	真•中书丞	200059	1000071									
24	3	鬼•中书丞	201059	1000071									
24	4	神•中书丞	201059	1000071	1000079								
24	5	圣•中书丞	202059	1000071	1000079								
24	6	王•中书丞	202059	1000071	1000079	1000055							
24	7	皇•中书丞	203059	1000071	1000079	1000055							
25	1	县尉	200,092,210,092										
25	2	真•县尉	200,092,210,092	1000071									
25	3	鬼•县尉	201,092,211,092	1000071									
25	4	神•县尉	201,092,211,092	1000071	1000079								
25	5	圣•县尉	202,092,212,092	1000071	1000079								
25	6	王•县尉	202,092,212,092	1000071	1000079	1000055							
25	7	皇•县尉	203,092,213,092	1000071	1000079	1000055							
26	1	神术士	200068										
26	2	真•神术士	200068	1000071									
26	3	鬼•神术士	201068	1000071									
26	4	神•神术士	201068	1000071	1000079								
26	5	圣•神术士	202068	1000071	1000079								
26	6	王•神术士	202068	1000071	1000079	1000055							
26	7	皇•神术士	203068	1000071	1000079	1000055							
27	1	鬼道士	200045										
27	2	真•鬼道士	200045	1000071									
27	3	鬼•鬼道士	201045	1000071									
27	4	神•鬼道士	201045	1000071	1000079								
27	5	圣•鬼道士	202045	1000071	1000079								
27	6	王•鬼道士	202045	1000071	1000079	1000055							
27	7	皇•鬼道士	203045	1000071	1000079	1000055							
28	1	圣道士	200068										
28	2	真•圣道士	200068	1000071									
28	3	鬼•圣道士	201068	1000071									
28	4	神•圣道士	201068	1000071	1000079								
28	5	圣•圣道士	202068	1000071	1000079								
28	6	王•圣道士	202068	1000071	1000079	1000055							
28	7	皇•圣道士	203068	1000071	1000079	1000055							
29	1	嫔妃	300071										
29	2	真•嫔妃	300071	1000071									
29	3	鬼•嫔妃	301071	1000071									
29	4	神•嫔妃	301071	1000071	1000079								
29	5	圣•嫔妃	302071	1000071	1000079								
29	6	王•嫔妃	302071	1000071	1000079	1000055							
29	7	皇•嫔妃	303071	1000071	1000079	1000055							
30	1	宠妾	300071										
30	2	真•宠妾	300071	1000071									
30	3	鬼•宠妾	301071	1000071									
30	4	神•宠妾	301071	1000071	1000079								
30	5	圣•宠妾	302071	1000071	1000079								
30	6	王•宠妾	302071	1000071	1000079	1000055							
30	7	皇•宠妾	303071	1000071	1000079	1000055							
31	1	医师	400091										
31	2	真•医师	400091	1000073									
31	3	鬼•医师	401091	1000073									
31	4	神•医师	401091	1000073	1000077								
31	5	圣•医师	402091	1000073	1000077								
31	6	王•医师	402091	1000073	1000077	1000055							
31	7	皇•医师	403091	1000073	1000077	1000055							
32	1	皇甫嵩	100048										
32	2	真•皇甫嵩	100048	1000071									
32	3	鬼•皇甫嵩	101048	1000071									
32	4	神•皇甫嵩	101048	1000071	1000078								
32	5	圣•皇甫嵩	102048	1000071	1000078								
32	6	王•皇甫嵩	102048	1000071	1000078	1000053							
32	7	皇•皇甫嵩	103048	1000071	1000078	1000053							
33	1	刘璋	200059										
33	2	真•刘璋	200059	1000071									
33	3	鬼•刘璋	201059	1000071									
33	4	神•刘璋	201059	1000071	1000079								
33	5	圣•刘璋	202059	1000071	1000079								
33	6	王•刘璋	202059	1000071	1000079	1000055							
33	7	皇•刘璋	203059	1000071	1000079	1000055							
34	1	张绣	100048										
34	2	真•张绣	100048	1000071									
34	3	鬼•张绣	101048	1000071									
34	4	神•张绣	101048	1000071	1000078								
34	5	圣•张绣	102048	1000071	1000078								
34	6	王•张绣	102048	1000071	1000078	1000053							
34	7	皇•张绣	103048	1000071	1000078	1000053							
35	1	曹节	200045										
35	2	真•曹节	200045	1000071									
35	3	鬼•曹节	201045	1000071									
35	4	神•曹节	201045	1000071	1000079								
35	5	圣•曹节	202045	1000071	1000079								
35	6	王•曹节	202045	1000071	1000079	1000055							
35	7	皇•曹节	203045	1000071	1000079	1000055							
36	1	程普	100048										
36	2	真•程普	100048	1000071									
36	3	鬼•程普	101048	1000071									
36	4	神•程普	101048	1000071	1000078								
36	5	圣•程普	102048	1000071	1000078								
36	6	王•程普	102048	1000071	1000078	1000053							
36	7	皇•程普	103048	1000071	1000078	1000053							
37	1	孙鲁班	400111										
37	2	真•孙鲁班	400111	1000073									
37	3	鬼•孙鲁班	401111	1000073									
37	4	神•孙鲁班	401111	1000073	1000077								
37	5	圣•孙鲁班	402111	1000073	1000077								
37	6	王•孙鲁班	402111	1000073	1000077	1000055							
37	7	皇•孙鲁班	403111	1000073	1000077	1000055							
38	1	朱然	100051										
38	2	真•朱然	100051	1000071									
38	3	鬼•朱然	101051	1000071									
38	4	神•朱然	101051	1000071	1000078								
38	5	圣•朱然	102051	1000071	1000078								
38	6	王•朱然	102051	1000071	1000078	1000053							
38	7	皇•朱然	103051	1000071	1000078	1000053							
39	1	凌操	100062										
39	2	真•凌操	100062	1000071									
39	3	鬼•凌操	101062	1000071									
39	4	神•凌操	101062	1000071	1000078								
39	5	圣•凌操	102062	1000071	1000078								
39	6	王•凌操	102062	1000071	1000078	1000053							
39	7	皇•凌操	103062	1000071	1000078	1000053							
40	1	关平	100,040,110,040										
40	2	真•关平	100,040,110,040	1000071									
40	3	鬼•关平	101,040,111,040	1000071									
40	4	神•关平	101,040,111,040	1000071	1000078								
40	5	圣•关平	102,040,112,040	1000071	1000078								
40	6	王•关平	102,040,112,040	1000071	1000078	1000053							
40	7	皇•关平	103,040,113,040	1000071	1000078	1000053							
41	1	魏延	100041										
41	2	真•魏延	100041	1000071									
41	3	鬼•魏延	101041	1000071									
41	4	神•魏延	101041	1000071	1000078								
41	5	圣•魏延	102041	1000071	1000078								
41	6	王•魏延	102041	1000071	1000078	1000053							
41	7	皇•魏延	103041	1000071	1000078	1000053							
42	1	张苞	100,042,110,042										
42	2	真•张苞	100,042,110,042	1000071									
42	3	鬼•张苞	101,042,111,042	1000071									
42	4	神•张苞	101,042,111,042	1000071	1000078								
42	5	圣•张苞	102,042,112,042	1000071	1000078								
42	6	王•张苞	102,042,112,042	1000071	1000078	1000053							
42	7	皇•张苞	103,042,113,042	1000071	1000078	1000053							
43	1	法正	300043										
43	2	真•法正	300043	1000071									
43	3	鬼•法正	301043	1000071									
43	4	神•法正	301043	1000071	1000079								
43	5	圣•法正	302043	1000071	1000079								
43	6	王•法正	302043	1000071	1000079	1000055							
43	7	皇•法正	303043	1000071	1000079	1000055							
44	1	关兴	100044										
44	2	真•关兴	100044	1000071									
44	3	鬼•关兴	101044	1000071									
44	4	神•关兴	101044	1000071	1000078								
44	5	圣•关兴	102044	1000071	1000078								
44	6	王•关兴	102044	1000071	1000078	1000053							
44	7	皇•关兴	103044	1000071	1000078	1000053							
45	1	鲍三娘	200045										
45	2	真•鲍三娘	200045	1000071									
45	3	鬼•鲍三娘	201045	1000071									
45	4	神•鲍三娘	201045	1000071	1000079								
45	5	圣•鲍三娘	202045	1000071	1000079								
45	6	王•鲍三娘	202045	1000071	1000079	1000055							
45	7	皇•鲍三娘	203045	1000071	1000079	1000055							
46	1	周仓	100046										
46	2	真•周仓	100046	1000071									
46	3	鬼•周仓	101046	1000071									
46	4	神•周仓	101046	1000071	1000078								
46	5	圣•周仓	102046	1000071	1000078								
46	6	王•周仓	102046	1000071	1000078	1000053							
46	7	皇•周仓	103046	1000071	1000078	1000053							
47	1	关索	100047										
47	2	真•关索	100047	1000071									
47	3	鬼•关索	101047	1000071									
47	4	神•关索	101047	1000071	1000078								
47	5	圣•关索	102047	1000071	1000078								
47	6	王•关索	102047	1000071	1000078	1000053							
47	7	皇•关索	103047	1000071	1000078	1000053							
48	1	夏侯霸	100048										
48	2	真•夏侯霸	100048	1000071									
48	3	鬼•夏侯霸	101048	1000071									
48	4	神•夏侯霸	101048	1000071	1000078								
48	5	圣•夏侯霸	102048	1000071	1000078								
48	6	王•夏侯霸	102048	1000071	1000078	1000053							
48	7	皇•夏侯霸	103048	1000071	1000078	1000053							
49	1	严颜	100049										
49	2	真•严颜	100049	1000071									
49	3	鬼•严颜	101049	1000071									
49	4	神•严颜	101049	1000071	1000078								
49	5	圣•严颜	102049	1000071	1000078								
49	6	王•严颜	102049	1000071	1000078	1000053							
49	7	皇•严颜	103049	1000071	1000078	1000053							
50	1	孟获	100050										
50	2	真•孟获	100050	1000071									
50	3	鬼•孟获	101050	1000071									
50	4	神•孟获	101050	1000071	1000078								
50	5	圣•孟获	102050	1000071	1000078								
50	6	王•孟获	102050	1000071	1000078	1000053							
50	7	皇•孟获	103050	1000071	1000078	1000053							
51	1	袁绍	100051										
51	2	真•袁绍	100051	1000071									
51	3	鬼•袁绍	101051	1000071									
51	4	神•袁绍	101051	1000071	1000078								
51	5	圣•袁绍	102051	1000071	1000078								
51	6	王•袁绍	102051	1000071	1000078	1000053							
51	7	皇•袁绍	103051	1000071	1000078	1000053							
52	1	华雄	100052										
52	2	真•华雄	100052	1000071									
52	3	鬼•华雄	101052	1000071									
52	4	神•华雄	101052	1000071	1000078								
52	5	圣•华雄	102052	1000071	1000078								
52	6	王•华雄	102052	1000071	1000078	1000053							
52	7	皇•华雄	103052	1000071	1000078	1000053							
53	1	颜良	100053										
53	2	真•颜良	100053	1000071									
53	3	鬼•颜良	101053	1000071									
53	4	神•颜良	101053	1000071	1000078								
53	5	圣•颜良	102053	1000071	1000078								
53	6	王•颜良	102053	1000071	1000078	1000053							
53	7	皇•颜良	103053	1000071	1000078	1000053							
54	1	文丑	100054										
54	2	真•文丑	100054	1000071									
54	3	鬼•文丑	101054	1000071									
54	4	神•文丑	101054	1000071	1000078								
54	5	圣•文丑	102054	1000071	1000078								
54	6	王•文丑	102054	1000071	1000078	1000053							
54	7	皇•文丑	103054	1000071	1000078	1000053							
55	1	陈宫	300055										
55	2	真•陈宫	300055	1000071									
55	3	鬼•陈宫	301055	1000071									
55	4	神•陈宫	301055	1000071	1000079								
55	5	圣•陈宫	302055	1000071	1000079								
55	6	王•陈宫	302055	1000071	1000079	1000055							
55	7	皇•陈宫	303055	1000071	1000079	1000055							
56	1	公孙瓒	100056										
56	2	真•公孙瓒	100056	1000071									
56	3	鬼•公孙瓒	101056	1000071									
56	4	神•公孙瓒	101056	1000071	1000078								
56	5	圣•公孙瓒	102056	1000071	1000078								
56	6	王•公孙瓒	102056	1000071	1000078	1000053							
56	7	皇•公孙瓒	103056	1000071	1000078	1000053							
57	1	高顺	100057										
57	2	真•高顺	100057	1000071									
57	3	鬼•高顺	101057	1000071									
57	4	神•高顺	101057	1000071	1000078								
57	5	圣•高顺	102057	1000071	1000078								
57	6	王•高顺	102057	1000071	1000078	1000053							
57	7	皇•高顺	103057	1000071	1000078	1000053							
58	1	李儒	300058										
58	2	真•李儒	300058	1000071									
58	3	鬼•李儒	301058	1000071									
58	4	神•李儒	301058	1000071	1000079								
58	5	圣•李儒	302058	1000071	1000079								
58	6	王•李儒	302058	1000071	1000079	1000055							
58	7	皇•李儒	303058	1000071	1000079	1000055							
59	1	张任	200059										
59	2	真•张任	200059	1000071									
59	3	鬼•张任	201059	1000071									
59	4	神•张任	201059	1000071	1000079								
59	5	圣•张任	202059	1000071	1000079								
59	6	王•张任	202059	1000071	1000079	1000055							
59	7	皇•张任	203059	1000071	1000079	1000055							
60	1	典韦	100,060,110,060										
60	2	真•典韦	100,060,110,060	1000071									
60	3	鬼•典韦	101,060,111,060	1000071									
60	4	神•典韦	101,060,111,060	1000071	1000078								
60	5	圣•典韦	102,060,112,060	1000071	1000078								
60	6	王•典韦	102,060,112,060	1000071	1000078	1000053							
60	7	皇•典韦	103,060,113,060	1000071	1000078	1000053							
61	1	许褚	100061										
61	2	真•许褚	100061	1000071									
61	3	鬼•许褚	101061	1000071									
61	4	神•许褚	101061	1000071	1000078								
61	5	圣•许褚	102061	1000071	1000078								
61	6	王•许褚	102061	1000071	1000078	1000053							
61	7	皇•许褚	103061	1000071	1000078	1000053							
62	1	曹彰	100062										
62	2	真•曹彰	100062	1000071									
62	3	鬼•曹彰	101062	1000071									
62	4	神•曹彰	101062	1000071	1000078								
62	5	圣•曹彰	102062	1000071	1000078								
62	6	王•曹彰	102062	1000071	1000078	1000053							
62	7	皇•曹彰	103062	1000071	1000078	1000053							
63	1	庞德	100063										
63	2	真•庞德	100063	1000071									
63	3	鬼•庞德	101063	1000071									
63	4	神•庞德	101063	1000071	1000078								
63	5	圣•庞德	102063	1000071	1000078								
63	6	王•庞德	102063	1000071	1000078	1000053							
63	7	皇•庞德	103063	1000071	1000078	1000053							
64	1	张郃	100064										
64	2	真•张郃	100064	1000071									
64	3	鬼•张郃	101064	1000071									
64	4	神•张郃	101064	1000071	1000078								
64	5	圣•张郃	102064	1000071	1000078								
64	6	王•张郃	102064	1000071	1000078	1000053							
64	7	皇•张郃	103064	1000071	1000078	1000053							
65	1	徐晃	100065										
65	2	真•徐晃	100065	1000071									
65	3	鬼•徐晃	101065	1000071									
65	4	神•徐晃	101065	1000071	1000078								
65	5	圣•徐晃	102065	1000071	1000078								
65	6	王•徐晃	102065	1000071	1000078	1000053							
65	7	皇•徐晃	103065	1000071	1000078	1000053							
66	1	于禁	100066										
66	2	真•于禁	100066	1000071									
66	3	鬼•于禁	101066	1000071									
66	4	神•于禁	101066	1000071	1000078								
66	5	圣•于禁	102066	1000071	1000078								
66	6	王•于禁	102066	1000071	1000078	1000053							
66	7	皇•于禁	103066	1000071	1000078	1000053							
67	1	周泰	100,067,110,067										
67	2	真•周泰	100,067,110,067	1000071									
67	3	鬼•周泰	101,067,111,067	1000071									
67	4	神•周泰	101,067,111,067	1000071	1000078								
67	5	圣•周泰	102,067,112,067	1000071	1000078								
67	6	王•周泰	102,067,112,067	1000071	1000078	1000053							
67	7	皇•周泰	103,067,113,067	1000071	1000078	1000053							
68	1	凌统	200068										
68	2	真•凌统	200068	1000071									
68	3	鬼•凌统	201068	1000071									
68	4	神•凌统	201068	1000071	1000079								
68	5	圣•凌统	202068	1000071	1000079								
68	6	王•凌统	202068	1000071	1000079	1000055							
68	7	皇•凌统	203068	1000071	1000079	1000055							
69	1	黄盖	100069										
69	2	真•黄盖	100069	1000071									
69	3	鬼•黄盖	101069	1000071									
69	4	神•黄盖	101069	1000071	1000078								
69	5	圣•黄盖	102069	1000071	1000078								
69	6	王•黄盖	102069	1000071	1000078	1000053							
69	7	皇•黄盖	103069	1000071	1000078	1000053							
70	1	鲁肃	300070										
70	2	真•鲁肃	300070	1000071									
70	3	鬼•鲁肃	301070	1000071									
70	4	神•鲁肃	301070	1000071	1000079								
70	5	圣•鲁肃	302070	1000071	1000079								
70	6	王•鲁肃	302070	1000071	1000079	1000055							
70	7	皇•鲁肃	303070	1000071	1000079	1000055							
71	1	虞翻	300071										
71	2	真•虞翻	300071	1000071									
71	3	鬼•虞翻	301071	1000071									
71	4	神•虞翻	301071	1000071	1000079								
71	5	圣•虞翻	302071	1000071	1000079								
71	6	王•虞翻	302071	1000071	1000079	1000055							
71	7	皇•虞翻	303071	1000071	1000079	1000055							
72	1	诸葛瑾	200072										
72	2	真•诸葛瑾	200072	1000071									
72	3	鬼•诸葛瑾	201072	1000071									
72	4	神•诸葛瑾	201072	1000071	1000079								
72	5	圣•诸葛瑾	202072	1000071	1000079								
72	6	王•诸葛瑾	202072	1000071	1000079	1000055							
72	7	皇•诸葛瑾	203072	1000071	1000079	1000055							
73	1	潘璋	100073										
73	2	真•潘璋	100073	1000071									
73	3	鬼•潘璋	101073	1000071									
73	4	神•潘璋	101073	1000071	1000078								
73	5	圣•潘璋	102073	1000071	1000078								
73	6	王•潘璋	102073	1000071	1000078	1000053							
73	7	皇•潘璋	103073	1000071	1000078	1000053							
74	1	刘备	100,074,110,074,120,000										
74	2	真•刘备	100,074,110,074,120,000	1000071									
74	3	鬼•刘备	101,074,111,074,121,000	1000071	1000045								
74	4	神•刘备	101,074,111,074,121,000	1000071	1000045	1000103							
74	5	圣•刘备	102,074,112,074,122,000	1000071	1000045	1000103	1000104						
74	6	王•刘备	102,074,112,074,122,000	1000071	1000045	1000103	1000104	1000015					
74	7	皇•刘备	103,074,113,074,123,000	1000071	1000045	1000103	1000104	1000015	1000024				
75	1	关羽	100,075,110,075										
75	2	真•关羽	100,075,110,075	1000072									
75	3	鬼•关羽	101,075,111,075	1000072	1000046								
75	4	神•关羽	101,075,111,075	1000072	1000046	1000078							
75	5	圣•关羽	102,075,112,075	1000072	1000046	1000078	1000054						
75	6	王•关羽	102,075,112,075	1000072	1000046	1000078	1000054	1000025					
75	7	皇•关羽	103,075,113,075	1000072	1000046	1000078	1000054	1000025	1000034				
76	1	张飞	100,076,110,076										
76	2	真•张飞	100,076,110,076	1000067									
76	3	鬼•张飞	101,076,111,076	1000067	1000046								
76	4	神•张飞	101,076,111,076	1000067	1000046	1000070							
76	5	圣•张飞	102,076,112,076	1000067	1000046	1000070	1000054						
76	6	王•张飞	102,076,112,076	1000067	1000046	1000070	1000054	1000105					
76	7	皇•张飞	103,076,113,076	1000067	1000046	1000070	1000054	1000105	1000107				
77	1	马超	100077										
77	2	真•马超	100077	1000074									
77	3	鬼•马超	101077	1000074	1000046								
77	4	神•马超	101077	1000074	1000046	1000080							
77	5	圣•马超	102077	1000074	1000046	1000080	1000017						
77	6	王•马超	102077	1000074	1000046	1000080	1000017	1000001					
77	7	皇•马超	103077	1000074	1000046	1000080	1000017	1000001	1000024				
78	1	赵云	100,078,110,078										
78	2	真•赵云	100,078,110,078	1000067									
78	3	鬼•赵云	101,078,111,078	1000067	1000081								
78	4	神•赵云	101,078,111,078	1000067	1000081	1000078							
78	5	圣•赵云	102,078,112,078	1000067	1000081	1000078	1000014						
78	6	王•赵云	102,078,112,078	1000067	1000081	1000078	1000014	1000001					
78	7	皇•赵云	103,078,113,078	1000067	1000081	1000078	1000014	1000001	1000100				
79	1	诸葛亮	300,079,310,079										
79	2	真•诸葛亮	300,079,310,079	1000074									
79	3	鬼•诸葛亮	301,079,311,079	1000074	1000045								
79	4	神•诸葛亮	301,079,311,079	1000074	1000045	1000070							
79	5	圣•诸葛亮	302,079,312,079	1000074	1000045	1000070	1000065						
79	6	王•诸葛亮	302,079,312,079	1000074	1000045	1000070	1000065	1000022					
79	7	皇•诸葛亮	303,079,313,079	1000074	1000045	1000070	1000065	1000022	1000031				
80	1	孙尚香	300080										
80	2	真•孙尚香	300080	1000071									
80	3	鬼•孙尚香	301080	1000071	1000047								
80	4	神•孙尚香	301080	1000071	1000047	1000079							
80	5	圣•孙尚香	302080	1000071	1000047	1000079	1000055						
80	6	王•孙尚香	302080	1000071	1000047	1000079	1000055	1000106					
80	7	皇•孙尚香	303080	1000071	1000047	1000079	1000055	1000106	1000037				
81	1	姜维	200081										
81	2	真•姜维	200081	1000072									
81	3	鬼•姜维	201081	1000072	1000068								
81	4	神•姜维	201081	1000072	1000068	1000008							
81	5	圣•姜维	202081	1000072	1000068	1000008	1000054						
81	6	王•姜维	202081	1000072	1000068	1000008	1000054	1000002					
81	7	皇•姜维	203081	1000072	1000068	1000008	1000054	1000002	1000032				
82	1	诸葛果	200,082,210,082										
82	2	真•诸葛果	200,082,210,082	1000074									
82	3	鬼•诸葛果	201,082,211,082	1000074	1000045								
82	4	神•诸葛果	201,082,211,082	1000074	1000045	1000070							
82	5	圣•诸葛果	202,082,212,082	1000074	1000045	1000070	1000056						
82	6	王•诸葛果	202,082,212,082	1000074	1000045	1000070	1000056	1000022					
82	7	皇•诸葛果	203,082,213,082	1000074	1000045	1000070	1000056	1000022	1000031				
83	1	庞统	200083										
83	2	真•庞统	200083	1000073									
83	3	鬼•庞统	201083	1000073	1000047								
83	4	神•庞统	201083	1000073	1000047	1000077							
83	5	圣•庞统	202083	1000073	1000047	1000077	1000097						
83	6	王•庞统	202083	1000073	1000047	1000077	1000097	1000002					
83	7	皇•庞统	203083	1000073	1000047	1000077	1000097	1000002	1000093				
84	1	黄忠	100084										
84	2	真•黄忠	100084	1000071									
84	3	鬼•黄忠	101084	1000071	1000048								
84	4	神•黄忠	101084	1000071	1000048	1000078							
84	5	圣•黄忠	102084	1000071	1000048	1000078	1000054						
84	6	王•黄忠	102084	1000071	1000048	1000078	1000054	1000001					
84	7	皇•黄忠	103084	1000071	1000048	1000078	1000054	1000001	1000064				
85	1	董卓	100,085,110,085,120,000										
85	2	真•董卓	100,085,110,085,120,000	1000071									
85	3	鬼•董卓	101,085,111,085,121,000	1000071	1000045								
85	4	神•董卓	101,085,111,085,121,000	1000071	1000045	1000103							
85	5	圣•董卓	102,085,112,085,122,000	1000071	1000045	1000103	1000104						
85	6	王•董卓	102,085,112,085,122,000	1000071	1000045	1000103	1000104	1000015					
85	7	皇•董卓	103,085,113,085,123,000	1000071	1000045	1000103	1000104	1000015	1000024				
86	1	吕布	100,086,110,086										
86	2	真•吕布	100,086,110,086	1000067									
86	3	鬼•吕布	101,086,111,086	1000067	1000081								
86	4	神•吕布	101,086,111,086	1000067	1000081	1000075							
86	5	圣•吕布	102,086,112,086	1000067	1000081	1000075	1000066						
86	6	王•吕布	102,086,112,086	1000067	1000081	1000075	1000066	1000001					
86	7	皇•吕布	103,086,113,086	1000067	1000081	1000075	1000066	1000001	1000029				
87	1	貂蝉	300,087,310,087,320,000										
87	2	真•貂蝉	300,087,310,087,320,000	1000067									
87	3	鬼•貂蝉	301,087,311,087,321,000	1000067	1000045								
87	4	神•貂蝉	301,087,311,087,321,000	1000067	1000045	1000083							
87	5	圣•貂蝉	302,087,312,087,322,000	1000067	1000045	1000083	1000053						
87	6	王•貂蝉	302,087,312,087,322,000	1000067	1000045	1000083	1000053	1000082					
87	7	皇•貂蝉	303,087,313,087,323,000	1000067	1000045	1000083	1000053	1000082	1000025				
88	1	张角	200088										
88	2	真•张角	200088	1000071									
88	3	鬼•张角	201088	1000071	1000068								
88	4	神•张角	201088	1000071	1000068	1000084							
88	5	圣•张角	202088	1000071	1000068	1000084	1000020						
88	6	王•张角	202088	1000071	1000068	1000084	1000020	1000065					
88	7	皇•张角	203088	1000071	1000068	1000084	1000020	1000065	1000030				
89	1	蔡文姬	400089										
89	2	真•蔡文姬	400089	1000073									
89	3	鬼•蔡文姬	401089	1000073	1000047								
89	4	神•蔡文姬	401089	1000073	1000047	1000077							
89	5	圣•蔡文姬	402089	1000073	1000047	1000077	1000055						
89	6	王•蔡文姬	402089	1000073	1000047	1000077	1000055	1000002					
89	7	皇•蔡文姬	403089	1000073	1000047	1000077	1000055	1000002	1000039				
90	1	吕玲绮	100,090,110,090										
90	2	真•吕玲绮	100,090,110,090	1000072									
90	3	鬼•吕玲绮	101,090,111,090	1000072	1000068								
90	4	神•吕玲绮	101,090,111,090	1000072	1000068	1000078							
90	5	圣•吕玲绮	102,090,112,090	1000072	1000068	1000078	1000054						
90	6	王•吕玲绮	102,090,112,090	1000072	1000068	1000078	1000054	1000011					
90	7	皇•吕玲绮	103,090,113,090	1000072	1000068	1000078	1000054	1000011	1000022				
91	1	华佗	400091										
91	2	真•华佗	400091	1000071									
91	3	鬼•华佗	401091	1000071	1000047								
91	4	神•华佗	401091	1000071	1000047	1000079							
91	5	圣•华佗	402091	1000071	1000047	1000079	1000002						
91	6	王•华佗	402091	1000071	1000047	1000079	1000002	1000106					
91	7	皇•华佗	403091	1000071	1000047	1000079	1000002	1000106	1000031				
92	1	祝融	200,092,210,092										
92	2	真•祝融	200,092,210,092	1000067									
92	3	鬼•祝融	201,092,211,092	1000067	1000045								
92	4	神•祝融	201,092,211,092	1000067	1000045	1000077							
92	5	圣•祝融	202,092,212,092	1000067	1000045	1000077	1000053						
92	6	王•祝融	202,092,212,092	1000067	1000045	1000077	1000053	1000022					
92	7	皇•祝融	203,092,213,092	1000067	1000045	1000077	1000053	1000022	1000064				
93	1	曹操	200,093,210,093,220,000										
93	2	真•曹操	200,093,210,093,220,000	1000067									
93	3	鬼•曹操	201,093,211,093,221,000	1000067	1000045								
93	4	神•曹操	201,093,211,093,221,000	1000067	1000045	1000103							
93	5	圣•曹操	202,093,212,093,222,000	1000067	1000045	1000103	1000097						
93	6	王•曹操	202,093,212,093,222,000	1000067	1000045	1000103	1000097	1000015					
93	7	皇•曹操	203,093,213,093,223,000	1000067	1000045	1000103	1000097	1000015	1000024				
94	1	司马懿	200,094,210,094										
94	2	真•司马懿	200,094,210,094	1000074									
94	3	鬼•司马懿	201,094,211,094	1000074	1000047								
94	4	神•司马懿	201,094,211,094	1000074	1000047	1000079							
94	5	圣•司马懿	202,094,212,094	1000074	1000047	1000079	1000055						
94	6	王•司马懿	202,094,212,094	1000074	1000047	1000079	1000055	1000002					
94	7	皇•司马懿	203,094,213,094	1000074	1000047	1000079	1000055	1000002	1000030				
95	1	甄姬	200,095,210,095										
95	2	真•甄姬	200,095,210,095	1000074									
95	3	鬼•甄姬	201,095,211,095	1000074	1000047								
95	4	神•甄姬	201,095,211,095	1000074	1000047	1000079							
95	5	圣•甄姬	202,095,212,095	1000074	1000047	1000079	1000055						
95	6	王•甄姬	202,095,212,095	1000074	1000047	1000079	1000055	1000002					
95	7	皇•甄姬	203,095,213,095	1000074	1000047	1000079	1000055	1000002	1000044				
96	1	夏侯惇	100,096,110,096										
96	2	真•夏侯惇	100,096,110,096	1000071									
96	3	鬼•夏侯惇	101,096,111,096	1000071	1000068								
96	4	神•夏侯惇	101,096,111,096	1000071	1000068	1000070							
96	5	圣•夏侯惇	102,096,112,096	1000071	1000068	1000070	1000053						
96	6	王•夏侯惇	102,096,112,096	1000071	1000068	1000070	1000053	1000032					
96	7	皇•夏侯惇	103,096,113,096	1000071	1000068	1000070	1000053	1000032	1000035				
97	1	张辽	100,097,110,097										
97	2	真•张辽	100,097,110,097	1000072									
97	3	鬼•张辽	101,097,111,097	1000072	1000081								
97	4	神•张辽	101,097,111,097	1000072	1000081	1000078							
97	5	圣•张辽	102,097,112,097	1000072	1000081	1000078	1000054						
97	6	王•张辽	102,097,112,097	1000072	1000081	1000078	1000054	1000012					
97	7	皇•张辽	103,097,113,097	1000072	1000081	1000078	1000054	1000012	1000085				
98	1	司马昭	200098										
98	2	真•司马昭	200098	1000074									
98	3	鬼•司马昭	201098	1000074	1000045								
98	4	神•司马昭	201098	1000074	1000045	1000077							
98	5	圣•司马昭	202098	1000074	1000045	1000077	1000056						
98	6	王•司马昭	202098	1000074	1000045	1000077	1000056	1000022					
98	7	皇•司马昭	203098	1000074	1000045	1000077	1000056	1000022	1000007				
99	1	邓艾	300,099,310,099										
99	2	真•邓艾	300,099,310,099	1000073									
99	3	鬼•邓艾	301,099,311,099	1000073	1000047								
99	4	神•邓艾	301,099,311,099	1000073	1000047	1000079							
99	5	圣•邓艾	302,099,312,099	1000073	1000047	1000079	1000053						
99	6	王•邓艾	302,099,312,099	1000073	1000047	1000079	1000053	1000002					
99	7	皇•邓艾	303,099,313,099	1000073	1000047	1000079	1000053	1000002	1000022				
100	1	张春华	400100										
100	2	真•张春华	400100	1000073									
100	3	鬼•张春华	401100	1000073	1000048								
100	4	神•张春华	401100	1000073	1000048	1000079							
100	5	圣•张春华	402100	1000073	1000048	1000079	1000055						
100	6	王•张春华	402100	1000073	1000048	1000079	1000055	1000002					
100	7	皇•张春华	403100	1000073	1000048	1000079	1000055	1000002	1000031				
101	1	夏侯渊	100,101,110,101										
101	2	真•夏侯渊	100,101,110,101	1000067									
101	3	鬼•夏侯渊	101,101,111,101	1000067	1000046								
101	4	神•夏侯渊	101,101,111,101	1000067	1000046	1000070							
101	5	圣•夏侯渊	102,101,112,101	1000067	1000046	1000070	1000054						
101	6	王•夏侯渊	102,101,112,101	1000067	1000046	1000070	1000054	1000001					
101	7	皇•夏侯渊	103,101,113,101	1000067	1000046	1000070	1000054	1000001	1000094				
102	1	荀攸	300102										
102	2	真•荀攸	300102	1000072									
102	3	鬼•荀攸	301102	1000072	1000045								
102	4	神•荀攸	301102	1000072	1000045	1000078							
102	5	圣•荀攸	302102	1000072	1000045	1000078	1000054						
102	6	王•荀攸	302102	1000072	1000045	1000078	1000054	1000001					
102	7	皇•荀攸	303102	1000072	1000045	1000078	1000054	1000001	1000022				
103	1	荀彧	200103										
103	2	真•荀彧	200103	1000071									
103	3	鬼•荀彧	201103	1000071	1000048								
103	4	神•荀彧	201103	1000071	1000048	1000077							
103	5	圣•荀彧	202103	1000071	1000048	1000077	1000053						
103	6	王•荀彧	202103	1000071	1000048	1000077	1000053	1000025					
103	7	皇•荀彧	203103	1000071	1000048	1000077	1000053	1000025	1000031				
104	1	贾诩	200104										
104	2	真•贾诩	200104	1000049									
104	3	鬼•贾诩	201104	1000049	1000076								
104	4	神•贾诩	201104	1000049	1000076	1000075							
104	5	圣•贾诩	202104	1000049	1000076	1000075	1000097						
104	6	王•贾诩	202104	1000049	1000076	1000075	1000097	1000065					
104	7	皇•贾诩	203104	1000049	1000076	1000075	1000097	1000065	1000086				
105	1	孙权	300,105,310,105,320,000										
105	2	真•孙权	300,105,310,105,320,000	1000071									
105	3	鬼•孙权	301,105,311,105,321,000	1000071	1000045								
105	4	神•孙权	301,105,311,105,321,000	1000071	1000045	1000103							
105	5	圣•孙权	302,105,312,105,322,000	1000071	1000045	1000103	1000097						
105	6	王•孙权	302,105,312,105,322,000	1000071	1000045	1000103	1000097	1000015					
105	7	皇•孙权	303,105,313,105,323,000	1000071	1000045	1000103	1000097	1000015	1000024				
106	1	孙策	100,106,110,106										
106	2	真•孙策	100,106,110,106	1000072									
106	3	鬼•孙策	101,106,111,106	1000072	1000050								
106	4	神•孙策	101,106,111,106	1000072	1000050	1000076							
106	5	圣•孙策	102,106,112,106	1000072	1000050	1000076	1000104						
106	6	王•孙策	102,106,112,106	1000072	1000050	1000076	1000104	1000105					
106	7	皇•孙策	103,106,113,106	1000072	1000050	1000076	1000104	1000105	1000029				
107	1	甘宁	100107										
107	2	真•甘宁	100107	1000071									
107	3	鬼•甘宁	101107	1000071	1000068								
107	4	神•甘宁	101107	1000071	1000068	1000008							
107	5	圣•甘宁	102107	1000071	1000068	1000008	1000021						
107	6	王•甘宁	102107	1000071	1000068	1000008	1000021	1000001					
107	7	皇•甘宁	103107	1000071	1000068	1000008	1000021	1000001	1000035				
108	1	太史慈	100108										
108	2	真•太史慈	100108	1000072									
108	3	鬼•太史慈	101108	1000072	1000046								
108	4	神•太史慈	101108	1000072	1000046	1000078							
108	5	圣•太史慈	102108	1000072	1000046	1000078	1000054						
108	6	王•太史慈	102108	1000072	1000046	1000078	1000054	1000001					
108	7	皇•太史慈	103108	1000072	1000046	1000078	1000054	1000001	1000094				
109	1	周瑜	200109										
109	2	真•周瑜	200109	1000073									
109	3	鬼•周瑜	201109	1000073	1000047								
109	4	神•周瑜	201109	1000073	1000047	1000079							
109	5	圣•周瑜	202109	1000073	1000047	1000079	1000055						
109	6	王•周瑜	202109	1000073	1000047	1000079	1000055	1000022					
109	7	皇•周瑜	203109	1000073	1000047	1000079	1000055	1000022	1000065				
110	1	大乔	400110										
110	2	真•大乔	400110	1000074									
110	3	鬼•大乔	401110	1000074	1000047								
110	4	神•大乔	401110	1000074	1000047	1000079							
110	5	圣•大乔	402110	1000074	1000047	1000079	1000055						
110	6	王•大乔	402110	1000074	1000047	1000079	1000055	1000002					
110	7	皇•大乔	403110	1000074	1000047	1000079	1000055	1000002	1000034				
111	1	小乔	400111										
111	2	真•小乔	400111	1000074									
111	3	鬼•小乔	401111	1000074	1000047								
111	4	神•小乔	401111	1000074	1000047	1000079							
111	5	圣•小乔	402111	1000074	1000047	1000079	1000055						
111	6	王•小乔	402111	1000074	1000047	1000079	1000055	1000002					
111	7	皇•小乔	403111	1000074	1000047	1000079	1000055	1000002	1000031				
112	1	吕蒙	100112										
112	2	真•吕蒙	100112	1000071									
112	3	鬼•吕蒙	101112	1000071	1000068								
112	4	神•吕蒙	101112	1000071	1000068	1000078							
112	5	圣•吕蒙	102112	1000071	1000068	1000078	1000008						
112	6	王•吕蒙	102112	1000071	1000068	1000078	1000008	1000025					
112	7	皇•吕蒙	103112	1000071	1000068	1000078	1000008	1000025	1000032				
113	1	孙坚	100113										
113	2	真•孙坚	100113	1000071									
113	3	鬼•孙坚	101113	1000071	1000045								
113	4	神•孙坚	101113	1000071	1000045	1000078							
113	5	圣•孙坚	102113	1000071	1000045	1000078	1000054						
113	6	王•孙坚	102113	1000071	1000045	1000078	1000054	1000001					
113	7	皇•孙坚	103113	1000071	1000045	1000078	1000054	1000001	1000038				
114	1	貂蝉(幻)	300,114,310,114,320,000										
114	2	真•貂蝉(幻)	300,114,310,114,320,000	1000067									
114	3	鬼•貂蝉(幻)	301,114,311,114,321,000	1000067	1000108								
114	4	神•貂蝉(幻)	301,114,311,114,321,000	1000067	1000108	1000148							
114	5	圣•貂蝉(幻)	302,114,312,114,322,000	1000067	1000108	1000148	1000043						
114	6	王•貂蝉(幻)	302,114,312,114,322,000	1000067	1000108	1000148	1000043	1000149					
114	7	皇•貂蝉(幻)	303,114,313,114,323,000	1000067	1000108	1000148	1000043	1000149	1000146				
114	8	道•貂蝉(幻)	303,114,313,114,323,000	1000067	1000108	1000148	1000043	1000149	1000146				
114	9	魔•貂蝉(幻)	303,114,313,114,323,000	1000067	1000108	1000148	1000043	1000149	1000146				
114	10	灭•貂蝉(幻)	303,114,313,114,323,000	1000067	1000108	1000148	1000043	1000149	1000146				
115	1	祝融(幻)	200,115,210,115										
115	2	真•祝融(幻)	200,115,210,115	1000067									
115	3	鬼•祝融(幻)	201,115,211,115	1000067	1000045								
115	4	神•祝融(幻)	201,115,211,115	1000067	1000045	1000120							
115	5	圣•祝融(幻)	202,115,212,115	1000067	1000045	1000120	1000000						
115	6	王•祝融(幻)	202,115,212,115	1000067	1000045	1000120	1000000	1000043					
115	7	皇•祝融(幻)	203,115,213,115	1000067	1000045	1000120	1000000	1000043	1000134				
115	8	道•祝融(幻)	203,115,213,115	1000067	1000045	1000120	1000000	1000043	1000134				
115	9	魔•祝融(幻)	203,115,213,115	1000067	1000045	1000120	1000000	1000043	1000134				
115	10	灭•祝融(幻)	203,115,213,115	1000067	1000045	1000120	1000000	1000043	1000134				
116	1	小乔(幻)	400116										
116	2	真•小乔(幻)	400116	1000073									
116	3	鬼•小乔(幻)	401116	1000073	1000047								
116	4	神•小乔(幻)	401116	1000073	1000047	1000117							
116	5	圣•小乔(幻)	402116	1000073	1000047	1000117	1000135						
116	6	王•小乔(幻)	402116	1000073	1000047	1000117	1000135	1000115					
116	7	皇•小乔(幻)	403116	1000073	1000047	1000117	1000135	1000115	1000136				
116	8	道•小乔(幻)	403116	1000073	1000047	1000117	1000135	1000115	1000136				
116	9	魔•小乔(幻)	403116	1000073	1000047	1000117	1000135	1000115	1000136				
116	10	灭•小乔(幻)	403116	1000073	1000047	1000117	1000135	1000115	1000136				
117	1	张飞(幻)	100,117,110,117										
117	2	真•张飞(幻)	100,117,110,117	1000067									
117	3	鬼•张飞(幻)	101,117,111,117	1000067	1000046								
117	4	神•张飞(幻)	101,117,111,117	1000067	1000046	1000131							
117	5	圣•张飞(幻)	102,117,112,117	1000067	1000046	1000131	1000001						
117	6	王•张飞(幻)	102,117,112,117	1000067	1000046	1000131	1000001	1000107					
117	7	皇•张飞(幻)	103,117,113,117	1000067	1000046	1000131	1000001	1000107	1000063				
117	8	道•张飞(幻)	103,117,113,117	1000067	1000046	1000131	1000001	1000107	1000063				
117	9	魔•张飞(幻)	103,117,113,117	1000067	1000046	1000131	1000001	1000107	1000063				
117	10	灭•张飞(幻)	103,117,113,117	1000067	1000046	1000131	1000001	1000107	1000063				
118	1	孙尚香(幻)	300118										
118	2	真•孙尚香(幻)	300118	1000071									
118	3	鬼•孙尚香(幻)	301118	1000071	1000047								
118	4	神•孙尚香(幻)	301118	1000071	1000047	1000065							
118	5	圣•孙尚香(幻)	302118	1000071	1000047	1000065	1000002						
118	6	王•孙尚香(幻)	302118	1000071	1000047	1000065	1000002	1000006					
118	7	皇•孙尚香(幻)	303118	1000071	1000047	1000065	1000002	1000006	1000088				
118	8	道•孙尚香(幻)	303118	1000071	1000047	1000065	1000002	1000006	1000088				
118	9	魔•孙尚香(幻)	303118	1000071	1000047	1000065	1000002	1000006	1000088				
118	10	灭•孙尚香(幻)	303118	1000071	1000047	1000065	1000002	1000006	1000088				
119	1	刘备(幻)	100,119,110,119,120,000										
119	2	真•刘备(幻)	100,119,110,119,120,000	1000071									
119	3	鬼•刘备(幻)	101,119,111,119,121,000	1000071	1000045								
119	4	神•刘备(幻)	101,119,111,119,121,000	1000071	1000045	1000137							
119	5	圣•刘备(幻)	102,119,112,119,122,000	1000071	1000045	1000137	1000125						
119	6	王•刘备(幻)	102,119,112,119,122,000	1000071	1000045	1000137	1000125	1000099					
119	7	皇•刘备(幻)	103,119,113,119,123,000	1000071	1000045	1000137	1000125	1000099	1000122				
119	8	道•刘备(幻)	103,119,113,119,123,000	1000071	1000045	1000137	1000125	1000099	1000122				
119	9	魔•刘备(幻)	103,119,113,119,123,000	1000071	1000045	1000137	1000125	1000099	1000122				
119	10	灭•刘备(幻)	103,119,113,119,123,000	1000071	1000045	1000137	1000125	1000099	1000122				
120	1	诸葛亮(幻)	300,120,310,120										
120	2	真•诸葛亮(幻)	300,120,310,120	1000074									
120	3	鬼•诸葛亮(幻)	301,120,311,120	1000074	1000045								
120	4	神•诸葛亮(幻)	301,120,311,120	1000074	1000045	1000117							
120	5	圣•诸葛亮(幻)	302,120,312,120	1000074	1000045	1000117	1000118						
120	6	王•诸葛亮(幻)	302,120,312,120	1000074	1000045	1000117	1000118	1000119					
120	7	皇•诸葛亮(幻)	303,120,313,120	1000074	1000045	1000117	1000118	1000119	1000030				
120	8	道•诸葛亮(幻)	303,120,313,120	1000074	1000045	1000117	1000118	1000119	1000030				
120	9	魔•诸葛亮(幻)	303,120,313,120	1000074	1000045	1000117	1000118	1000119	1000030				
120	10	灭•诸葛亮(幻)	303,120,313,120	1000074	1000045	1000117	1000118	1000119	1000030				
121	1	吕玲绮(幻)	100,121,110,121										
121	2	真•吕玲绮(幻)	100,121,110,121	1000072									
121	3	鬼•吕玲绮(幻)	101,121,111,121	1000072	1000068								
121	4	神•吕玲绮(幻)	101,121,111,121	1000072	1000068	1000014							
121	5	圣•吕玲绮(幻)	102,121,112,121	1000072	1000068	1000014	1000001						
121	6	王•吕玲绮(幻)	102,121,112,121	1000072	1000068	1000014	1000001	1000009					
121	7	皇•吕玲绮(幻)	103,121,113,121	1000072	1000068	1000014	1000001	1000009	1000090				
121	8	道•吕玲绮(幻)	103,121,113,121	1000072	1000068	1000014	1000001	1000009	1000090				
121	9	魔•吕玲绮(幻)	103,121,113,121	1000072	1000068	1000014	1000001	1000009	1000090				
121	10	灭•吕玲绮(幻)	103,121,113,121	1000072	1000068	1000014	1000001	1000009	1000090				
122	1	夏侯惇(幻)	100,122,110,122										
122	2	真•夏侯惇(幻)	100,122,110,122	1000071									
122	3	鬼•夏侯惇(幻)	101,122,111,122	1000071	1000068								
122	4	神•夏侯惇(幻)	101,122,111,122	1000071	1000068	1000120							
122	5	圣•夏侯惇(幻)	102,122,112,122	1000071	1000068	1000120	1000043						
122	6	王•夏侯惇(幻)	102,122,112,122	1000071	1000068	1000120	1000043	1000128					
122	7	皇•夏侯惇(幻)	103,122,113,122	1000071	1000068	1000120	1000043	1000128	1000138				
122	8	道•夏侯惇(幻)	103,122,113,122	1000071	1000068	1000120	1000043	1000128	1000138				
122	9	魔•夏侯惇(幻)	103,122,113,122	1000071	1000068	1000120	1000043	1000128	1000138				
122	10	灭•夏侯惇(幻)	103,122,113,122	1000071	1000068	1000120	1000043	1000128	1000138				
123	1	甄姬(幻)	200,123,210,123										
123	2	真•甄姬(幻)	200,123,210,123	1000071									
123	3	鬼•甄姬(幻)	201,123,211,123	1000071	1000047								
123	4	神•甄姬(幻)	201,123,211,123	1000071	1000047	1000121							
123	5	圣•甄姬(幻)	202,123,212,123	1000071	1000047	1000121	1000092						
123	6	王•甄姬(幻)	202,123,212,123	1000071	1000047	1000121	1000092	1000006					
123	7	皇•甄姬(幻)	203,123,213,123	1000071	1000047	1000121	1000092	1000006	1000030				
123	8	道•甄姬(幻)	203,123,213,123	1000071	1000047	1000121	1000092	1000006	1000030				
123	9	魔•甄姬(幻)	203,123,213,123	1000071	1000047	1000121	1000092	1000006	1000030				
123	10	灭•甄姬(幻)	203,123,213,123	1000071	1000047	1000121	1000092	1000006	1000030				
124	1	蔡文姬(幻)	400124										
124	2	真•蔡文姬(幻)	400124	1000073									
124	3	鬼•蔡文姬(幻)	401124	1000073	1000047								
124	4	神•蔡文姬(幻)	401124	1000073	1000047	1000139							
124	5	圣•蔡文姬(幻)	402124	1000073	1000047	1000139	1000002						
124	6	王•蔡文姬(幻)	402124	1000073	1000047	1000139	1000002	1000009					
124	7	皇•蔡文姬(幻)	403124	1000073	1000047	1000139	1000002	1000009	1000122				
124	8	道•蔡文姬(幻)	403124	1000073	1000047	1000139	1000002	1000009	1000122				
124	9	魔•蔡文姬(幻)	403124	1000073	1000047	1000139	1000002	1000009	1000122				
124	10	灭•蔡文姬(幻)	403124	1000073	1000047	1000139	1000002	1000009	1000122				
125	1	周瑜(幻)	200125										
125	2	真•周瑜(幻)	200125	1000073									
125	3	鬼•周瑜(幻)	201125	1000073	1000047								
125	4	神•周瑜(幻)	201125	1000073	1000047	1000002							
125	5	圣•周瑜(幻)	202125	1000073	1000047	1000002	1000065						
125	6	王•周瑜(幻)	202125	1000073	1000047	1000002	1000065	1000006					
125	7	皇•周瑜(幻)	203125	1000073	1000047	1000002	1000065	1000006	1000123				
125	8	道•周瑜(幻)	203125	1000073	1000047	1000002	1000065	1000006	1000123				
125	9	魔•周瑜(幻)	203125	1000073	1000047	1000002	1000065	1000006	1000123				
125	10	灭•周瑜(幻)	203125	1000073	1000047	1000002	1000065	1000006	1000123				
126	1	张辽(幻)	100,126,110,126										
126	2	真•张辽(幻)	100,126,110,126	1000072									
126	3	鬼•张辽(幻)	101,126,111,126	1000072	1000076								
126	4	神•张辽(幻)	101,126,111,126	1000072	1000076	1000014							
126	5	圣•张辽(幻)	102,126,112,126	1000072	1000076	1000014	1000096						
126	6	王•张辽(幻)	102,126,112,126	1000072	1000076	1000014	1000096	1000005					
126	7	皇•张辽(幻)	103,126,113,126	1000072	1000076	1000014	1000096	1000005	1000085				
126	8	道•张辽(幻)	103,126,113,126	1000072	1000076	1000014	1000096	1000005	1000085				
126	9	魔•张辽(幻)	103,126,113,126	1000072	1000076	1000014	1000096	1000005	1000085				
126	10	灭•张辽(幻)	103,126,113,126	1000072	1000076	1000014	1000096	1000005	1000085				
127	1	关羽(幻)	100,127,110,127										
127	2	真•关羽(幻)	100,127,110,127	1000072									
127	3	鬼•关羽(幻)	101,127,111,127	1000072	1000076								
127	4	神•关羽(幻)	101,127,111,127	1000072	1000076	1000140							
127	5	圣•关羽(幻)	102,127,112,127	1000072	1000076	1000140	1000096						
127	6	王•关羽(幻)	102,127,112,127	1000072	1000076	1000140	1000096	1000131					
127	7	皇•关羽(幻)	103,127,113,127	1000072	1000076	1000140	1000096	1000131	1000034				
127	8	道•关羽(幻)	103,127,113,127	1000072	1000076	1000140	1000096	1000131	1000034				
127	9	魔•关羽(幻)	103,127,113,127	1000072	1000076	1000140	1000096	1000131	1000034				
127	10	灭•关羽(幻)	103,127,113,127	1000072	1000076	1000140	1000096	1000131	1000034				
128	1	曹操(幻)	200,128,210,128,220,000										
128	2	真•曹操(幻)	200,128,210,128,220,000	1000067									
128	3	鬼•曹操(幻)	201,128,211,128,221,000	1000067	1000045								
128	4	神•曹操(幻)	201,128,211,128,221,000	1000067	1000045	1000144							
128	5	圣•曹操(幻)	202,128,212,128,222,000	1000067	1000045	1000144	1000145						
128	6	王•曹操(幻)	202,128,212,128,222,000	1000067	1000045	1000144	1000145	1000099					
128	7	皇•曹操(幻)	203,128,213,128,223,000	1000067	1000045	1000144	1000145	1000099	1000122				
128	8	道•曹操(幻)	203,128,213,128,223,000	1000067	1000045	1000144	1000145	1000099	1000122				
128	9	魔•曹操(幻)	203,128,213,128,223,000	1000067	1000045	1000144	1000145	1000099	1000122				
128	10	灭•曹操(幻)	203,128,213,128,223,000	1000067	1000045	1000144	1000145	1000099	1000122				
129	1	赵云(幻)	100,129,110,129										
129	2	真•赵云(幻)	100,129,110,129	1000067									
129	3	鬼•赵云(幻)	101,129,111,129	1000067	1000076								
129	4	神•赵云(幻)	101,129,111,129	1000067	1000076	1000091							
129	5	圣•赵云(幻)	102,129,112,129	1000067	1000076	1000091	1000147						
129	6	王•赵云(幻)	102,129,112,129	1000067	1000076	1000091	1000147	1000005					
129	7	皇•赵云(幻)	103,129,113,129	1000067	1000076	1000091	1000147	1000005	1000035				
129	8	道•赵云(幻)	103,129,113,129	1000067	1000076	1000091	1000147	1000005	1000035				
129	9	魔•赵云(幻)	103,129,113,129	1000067	1000076	1000091	1000147	1000005	1000035				
129	10	灭•赵云(幻)	103,129,113,129	1000067	1000076	1000091	1000147	1000005	1000035				
130	1	吕布(幻)	100,130,110,130										
130	2	真•吕布(幻)	100,130,110,130	1000067									
130	3	鬼•吕布(幻)	101,130,111,130	1000067	1000057								
130	4	神•吕布(幻)	101,130,111,130	1000067	1000057	1000091							
130	5	圣•吕布(幻)	102,130,112,130	1000067	1000057	1000091	1000141						
130	6	王•吕布(幻)	102,130,112,130	1000067	1000057	1000091	1000141	1000063					
130	7	皇•吕布(幻)	103,130,113,130	1000067	1000057	1000091	1000141	1000063	1000142				
130	8	道•吕布(幻)	103,130,113,130	1000067	1000057	1000091	1000141	1000063	1000142				
130	9	魔•吕布(幻)	103,130,113,130	1000067	1000057	1000091	1000141	1000063	1000142				
130	10	灭•吕布(幻)	103,130,113,130	1000067	1000057	1000091	1000141	1000063	1000142				
131	1	孙权(幻)	300,131,310,131,320,000										
131	2	真•孙权(幻)	300,131,310,131,320,000	1000071									
131	3	鬼•孙权(幻)	301,131,311,131,321,000	1000071	1000045								
131	4	神•孙权(幻)	301,131,311,131,321,000	1000071	1000045	1000121							
131	5	圣•孙权(幻)	302,131,312,131,322,000	1000071	1000045	1000121	1000124						
131	6	王•孙权(幻)	302,131,312,131,322,000	1000071	1000045	1000121	1000124	1000099					
131	7	皇•孙权(幻)	303,131,313,131,323,000	1000071	1000045	1000121	1000124	1000099	1000122				
131	8	道•孙权(幻)	303,131,313,131,323,000	1000071	1000045	1000121	1000124	1000099	1000122				
131	9	魔•孙权(幻)	303,131,313,131,323,000	1000071	1000045	1000121	1000124	1000099	1000122				
131	10	灭•孙权(幻)	303,131,313,131,323,000	1000071	1000045	1000121	1000124	1000099	1000122				
132	1	陆逊(现)	200,132,210,132										
132	2	真•陆逊(现)	200,132,210,132	1000067									
132	3	鬼•陆逊(现)	201,132,211,132	1000067	1000047								
132	4	神•陆逊(现)	201,132,211,132	1000067	1000047	1000121							
132	5	圣•陆逊(现)	202,132,212,132	1000067	1000047	1000121	1000139						
132	6	王•陆逊(现)	202,132,212,132	1000067	1000047	1000121	1000139	1000006					
132	7	皇•陆逊(现)	203,132,213,132	1000067	1000047	1000121	1000139	1000006	1000101				
132	8	道•陆逊(现)	203,132,213,132	1000067	1000047	1000121	1000139	1000006	1000101				
132	9	魔•陆逊(现)	203,132,213,132	1000067	1000047	1000121	1000139	1000006	1000101				
132	10	灭•陆逊(现)	203,132,213,132	1000067	1000047	1000121	1000139	1000006	1000101				
133	1	丁奉(现)	100133										
133	2	真•丁奉(现)	100133	1000067									
133	3	鬼•丁奉(现)	101133	1000067	1000068								
133	4	神•丁奉(现)	101133	1000067	1000068	1000120							
133	5	圣•丁奉(现)	102133	1000067	1000068	1000120	1000043						
133	6	王•丁奉(现)	102133	1000067	1000068	1000120	1000043	1000131					
133	7	皇•丁奉(现)	103133	1000067	1000068	1000120	1000043	1000131	1000035				
133	8	道•丁奉(现)	103133	1000067	1000068	1000120	1000043	1000131	1000035				
133	9	魔•丁奉(现)	103133	1000067	1000068	1000120	1000043	1000131	1000035				
133	10	灭•丁奉(现)	103133	1000067	1000068	1000120	1000043	1000131	1000035				
134	1	郭嘉(现)	300,134,310,134										
134	2	真•郭嘉(现)	300,134,310,134	1000071									
134	3	鬼•郭嘉(现)	301,134,311,134	1000071	1000045								
134	4	神•郭嘉(现)	301,134,311,134	1000071	1000045	1000124							
134	5	圣•郭嘉(现)	302,134,312,134	1000071	1000045	1000124	1000125						
134	6	王•郭嘉(现)	302,134,312,134	1000071	1000045	1000124	1000125	1000092					
134	7	皇•郭嘉(现)	303,134,313,134	1000071	1000045	1000124	1000125	1000092	1000126				
134	8	道•郭嘉(现)	303,134,313,134	1000071	1000045	1000124	1000125	1000092	1000126				
134	9	魔•郭嘉(现)	303,134,313,134	1000071	1000045	1000124	1000125	1000092	1000126				
134	10	灭•郭嘉(现)	303,134,313,134	1000071	1000045	1000124	1000125	1000092	1000126				
135	1	曹仁(现)	100,135,110,135										
135	2	真•曹仁(现)	100,135,110,135	1000071									
135	3	鬼•曹仁(现)	101,135,111,135	1000071	1000068								
135	4	神•曹仁(现)	101,135,111,135	1000071	1000068	1000131							
135	5	圣•曹仁(现)	102,135,112,135	1000071	1000068	1000131	1000009						
135	6	王•曹仁(现)	102,135,112,135	1000071	1000068	1000131	1000009	1000128					
135	7	皇•曹仁(现)	103,135,113,135	1000071	1000068	1000131	1000009	1000128	1000063				
135	8	道•曹仁(现)	103,135,113,135	1000071	1000068	1000131	1000009	1000128	1000063				
135	9	魔•曹仁(现)	103,135,113,135	1000071	1000068	1000131	1000009	1000128	1000063				
135	10	灭•曹仁(现)	103,135,113,135	1000071	1000068	1000131	1000009	1000128	1000063				
136	1	于吉(现)	300136										
136	2	真•于吉(现)	300136	1000071									
136	3	鬼•于吉(现)	301136	1000071	1000068								
136	4	神•于吉(现)	301136	1000071	1000068	1000117							
136	5	圣•于吉(现)	302136	1000071	1000068	1000117	1000043						
136	6	王•于吉(现)	302136	1000071	1000068	1000117	1000043	1000030					
136	7	皇•于吉(现)	303136	1000071	1000068	1000117	1000043	1000030	1000143				
136	8	道•于吉(现)	303136	1000071	1000068	1000117	1000043	1000030	1000143				
136	9	魔•于吉(现)	303136	1000071	1000068	1000117	1000043	1000030	1000143				
136	10	灭•于吉(现)	303136	1000071	1000068	1000117	1000043	1000030	1000143				
137	1	左慈(现)	200,137,210,137										
137	2	真•左慈(现)	200,137,210,137	1000071									
137	3	鬼•左慈(现)	201,137,211,137	1000071	1000121								
137	4	神•左慈(现)	201,137,211,137	1000071	1000121	1000101							
137	5	圣•左慈(现)	202,137,212,137	1000071	1000121	1000101	1000129						
137	6	王•左慈(现)	202,137,212,137	1000071	1000121	1000101	1000129	1000006					
137	7	皇•左慈(现)	203,137,213,137	1000071	1000121	1000101	1000129	1000006	1000126				
137	8	道•左慈(现)	203,137,213,137	1000071	1000121	1000101	1000129	1000006	1000126				
137	9	魔•左慈(现)	203,137,213,137	1000071	1000121	1000101	1000129	1000006	1000126				
137	10	灭•左慈(现)	203,137,213,137	1000071	1000121	1000101	1000129	1000006	1000126				
138	1	关银屏(现)	200138										
138	2	真•关银屏(现)	200138	1000073									
138	3	鬼•关银屏(现)	201138	1000073	1000081								
138	4	神•关银屏(现)	201138	1000073	1000081	1000086							
138	5	圣•关银屏(现)	202138	1000073	1000081	1000086	1000002						
138	6	王•关银屏(现)	202138	1000073	1000081	1000086	1000002	1000006					
138	7	皇•关银屏(现)	203138	1000073	1000081	1000086	1000002	1000006	1000034				
138	8	道•关银屏(现)	203138	1000073	1000081	1000086	1000002	1000006	1000034				
138	9	魔•关银屏(现)	203138	1000073	1000081	1000086	1000002	1000006	1000034				
138	10	灭•关银屏(现)	203138	1000073	1000081	1000086	1000002	1000006	1000034				
139	1	黄月英(现)	400139										
139	2	真•黄月英(现)	400139	1000067									
139	3	鬼•黄月英(现)	401139	1000067	1000045								
139	4	神•黄月英(现)	401139	1000067	1000045	1000111							
139	5	圣•黄月英(现)	402139	1000067	1000045	1000111	1000023						
139	6	王•黄月英(现)	402139	1000067	1000045	1000111	1000023	1000101					
139	7	皇•黄月英(现)	403139	1000067	1000045	1000111	1000023	1000101	1000130				
139	8	道•黄月英(现)	403139	1000067	1000045	1000111	1000023	1000101	1000130				
139	9	魔•黄月英(现)	403139	1000067	1000045	1000111	1000023	1000101	1000130				
139	10	灭•黄月英(现)	403139	1000067	1000045	1000111	1000023	1000101	1000130				
9995	1	护军教头	100056										
9995	2	真•护军教头	100056	1000071									
9995	3	鬼•护军教头	101056	1000071									
9995	4	神•护军教头	101056	1000071	1000078								
9995	5	圣•护军教头	102056	1000071	1000078								
9995	6	王•护军教头	102056	1000071	1000078	1000053							
9995	7	皇•护军教头	103056	1000071	1000078	1000053							
9996	1	领军教头	100046										
9996	2	真•领军教头	100046	1000071									
9996	3	鬼•领军教头	101046	1000071									
9996	4	神•领军教头	101046	1000071	1000078								
9996	5	圣•领军教头	102046	1000071	1000078								
9996	6	王•领军教头	102046	1000071	1000078	1000053							
9996	7	皇•领军教头	103046	1000071	1000078	1000053							
9997	1	禁军教头	100056										
9997	2	真•禁军教头	100056	1000071									
9997	3	鬼•禁军教头	101056	1000071									
9997	4	神•禁军教头	101056	1000071	1000078								
9997	5	圣•禁军教头	102056	1000071	1000078								
9997	6	王•禁军教头	102056	1000071	1000078	1000053							
9997	7	皇•禁军教头	103056	1000071	1000078	1000053							
90001	1	黄巾士兵甲	100062										
90001	2	真•黄巾士兵甲	100062	1000071									
90001	3	鬼•黄巾士兵甲	101062	1000071									
90001	4	神•黄巾士兵甲	101062	1000071	1000078								
90001	5	圣•黄巾士兵甲	102062	1000071	1000078								
90001	6	王•黄巾士兵甲	102062	1000071	1000078	1000053							
90001	7	皇•黄巾士兵甲	103062	1000071	1000078	1000053							
90002	1	A将	100062										
90002	2	真•A将	100062	1000071									
90002	3	鬼•A将	101062	1000071									
90002	4	神•A将	101062	1000071	1000078								
90002	5	圣•A将	102062	1000071	1000078								
90002	6	王•A将	102062	1000071	1000078	1000053							
90002	7	皇•A将	103062	1000071	1000078	1000053							
90003	1	黄巾头目	100056										
90003	2	真•黄巾头目	100056	1000071									
90003	3	鬼•黄巾头目	101056	1000071									
90003	4	神•黄巾头目	101056	1000071	1000078								
90003	5	圣•黄巾头目	102056	1000071	1000078								
90003	6	王•黄巾头目	102056	1000071	1000078	1000053							
90003	7	皇•黄巾头目	103056	1000071	1000078	1000053							
90004	1	黄巾士兵乙	100046										
90004	2	真•黄巾士兵乙	100046	1000071									
90004	3	鬼•黄巾士兵乙	101046	1000071									
90004	4	神•黄巾士兵乙	101046	1000071	1000078								
90004	5	圣•黄巾士兵乙	102046	1000071	1000078								
90004	6	王•黄巾士兵乙	102046	1000071	1000078	1000053							
90004	7	皇•黄巾士兵乙	103046	1000071	1000078	1000053							
90005	1	黄巾妖女	200072										
90005	2	真•黄巾妖女	200072	1000071									
90005	3	鬼•黄巾妖女	201072	1000071									
90005	4	神•黄巾妖女	201072	1000071	1000079								
90005	5	圣•黄巾妖女	202072	1000071	1000079								
90005	6	王•黄巾妖女	202072	1000071	1000079	1000055							
90005	7	皇•黄巾妖女	203072	1000071	1000079	1000055							
90006	1	程远志	100046										
90006	2	真•程远志	100046	1000071									
90006	3	鬼•程远志	101046	1000071									
90006	4	神•程远志	101046	1000071	1000078								
90006	5	圣•程远志	102046	1000071	1000078								
90006	6	王•程远志	102046	1000071	1000078	1000053							
90006	7	皇•程远志	103046	1000071	1000078	1000053							
90007	1	邓茂	100048										
90007	2	真•邓茂	100048	1000071									
90007	3	鬼•邓茂	101048	1000071									
90007	4	神•邓茂	101048	1000071	1000078								
90007	5	圣•邓茂	102048	1000071	1000078								
90007	6	王•邓茂	102048	1000071	1000078	1000053							
90007	7	皇•邓茂	103048	1000071	1000078	1000053							
90008	1	高升	100046										
90008	2	真•高升	100046	1000071									
90008	3	鬼•高升	101046	1000071									
90008	4	神•高升	101046	1000071	1000078								
90008	5	圣•高升	102046	1000071	1000078								
90008	6	王•高升	102046	1000071	1000078	1000053							
90008	7	皇•高升	103046	1000071	1000078	1000053							
90009	1	土匪甲	100056										
90009	2	真•土匪甲	100056	1000071									
90009	3	鬼•土匪甲	101056	1000071									
90009	4	神•土匪甲	101056	1000071	1000078								
90009	5	圣•土匪甲	102056	1000071	1000078								
90009	6	王•土匪甲	102056	1000071	1000078	1000053							
90009	7	皇•土匪甲	103056	1000071	1000078	1000053							
90010	1	土匪乙	100062										
90010	2	真•土匪乙	100062	1000071									
90010	3	鬼•土匪乙	101062	1000071									
90010	4	神•土匪乙	101062	1000071	1000078								
90010	5	圣•土匪乙	102062	1000071	1000078								
90010	6	王•土匪乙	102062	1000071	1000078	1000053							
90010	7	皇•土匪乙	103062	1000071	1000078	1000053							
90011	1	土匪头目	100056										
90011	2	真•土匪头目	100056	1000071									
90011	3	鬼•土匪头目	101056	1000071									
90011	4	神•土匪头目	101056	1000071	1000078								
90011	5	圣•土匪头目	102056	1000071	1000078								
90011	6	王•土匪头目	102056	1000071	1000078	1000053							
90011	7	皇•土匪头目	103056	1000071	1000078	1000053							
90012	1	黄巾精英士兵	100046										
90012	2	真•黄巾精英士兵	100046	1000071									
90012	3	鬼•黄巾精英士兵	101046	1000071									
90012	4	神•黄巾精英士兵	101046	1000071	1000078								
90012	5	圣•黄巾精英士兵	102046	1000071	1000078								
90012	6	王•黄巾精英士兵	102046	1000071	1000078	1000053							
90012	7	皇•黄巾精英士兵	103046	1000071	1000078	1000053							
90013	1	张燕	100048										
90013	2	真•张燕	100048	1000071									
90013	3	鬼•张燕	101048	1000071									
90013	4	神•张燕	101048	1000071	1000078								
90013	5	圣•张燕	102048	1000071	1000078								
90013	6	王•张燕	102048	1000071	1000078	1000053							
90013	7	皇•张燕	103048	1000071	1000078	1000053							
90014	1	黄巾	100046										
90014	2	真•黄巾	100046	1000071									
90014	3	鬼•黄巾	101046	1000071									
90014	4	神•黄巾	101046	1000071	1000078								
90014	5	圣•黄巾	102046	1000071	1000078								
90014	6	王•黄巾	102046	1000071	1000078	1000053							
90014	7	皇•黄巾	103046	1000071	1000078	1000053							
90015	1	土匪	100056										
90015	2	真•土匪	100056	1000071									
90015	3	鬼•土匪	101056	1000071									
90015	4	神•土匪	101056	1000071	1000078								
90015	5	圣•土匪	102056	1000071	1000078								
90015	6	王•土匪	102056	1000071	1000078	1000053							
90015	7	皇•土匪	103056	1000071	1000078	1000053							
